0,30,52,64,si,s i\,0,0,0,0,0,50,50,127,0,0
30,44,52,64,sui,s uo,0,0,0,0,0,50,50,127,0,0
74,16,52,64,-,o,0,0,0,0,0,50,50,127,0,0
90,120,52,64,-,ei,0,0,0,0,0,50,50,127,0,0
210,30,52,64,-,i,0,0,0,0,0,50,50,127,0,0
240,30,52,64,-,ts\_h,0,0,0,0,0,50,50,127,0,0
270,91,57,64,qian,iE_r,0,0,0,0,0,50,50,127,0,0
361,119,57,64,-,@_n,0,0,0,0,0,50,50,127,0,0
480,29,57,64,-,u,0,0,0,0,0,50,50,127,0,0
510,90,62,64,wan,ua_n,0,0,0,0,0,50,50,127,0,0
600,30,62,64,-,-,0,0,0,0,0,50,50,127,0,0
630,120,49,64,-,z`,0,0,0,0,0,50,50,127,0,0
750,420,64,64,ren,@_n,0,0,0,0,0,50,50,127,0,0
1170,60,64,64,-,-,0,0,0,0,0,50,50,127,0,0
1230,180,62,64,ni,n i,0,0,0,0,0,50,50,127,0,0
1410,30,62,64,-,i,0,0,0,0,0,50,50,127,0,0
1440,30,62,64,-,u,0,0,0,0,0,50,50,127,0,0
1470,60,57,64,wo,u uo,0,0,0,0,0,50,50,127,0,0
1530,360,57,64,-,o,0,0,0,0,0,50,50,127,0,0
1890,60,57,64,-,o ts`,0,0,0,0,0,50,50,127,0,0
1950,390,62,64,zhi,i`,0,0,0,0,0,50,50,127,0,0
2340,30,62,64,-,-,0,0,0,0,0,50,50,127,0,0
2370,60,72,64,-,u,0,0,0,0,0,50,50,127,0,0
2430,60,64,64,wo,uo,0,0,0,0,0,50,50,127,0,0
2490,330,64,64,-,o,0,0,0,0,0,50,50,127,0,0
2820,30,64,64,-,o,0,0,0,0,0,50,50,127,0,0
2850,60,54,64,-,z`,0,0,0,0,0,50,50,127,0,0
2910,180,62,64,reng,@N,0,0,0,0,0,50,50,127,0,0
3090,60,62,64,-,n ts`,0,0,0,0,0,50,50,127,0,0
3150,120,67,64,zhi,i`,0,0,0,0,0,50,50,127,0,0
3270,30,67,64,-,-,0,0,0,0,0,50,50,127,0,0
3300,90,51,64,-,ts`,0,0,0,0,0,50,50,127,0,0
3390,150,64,64,zhuo,uo,0,0,0,0,0,50,50,127,0,0
3540,270,64,64,-,o,0,0,0,0,0,50,50,127,0,0
3810,60,64,64,-,o,0,0,0,0,0,50,50,127,0,0
3870,30,47,64,a,x,0,0,0,0,0,50,50,127,0,0
4110,180,59,64,xia,s\ ia,0,0,0,0,0,50,50,127,0,0
4290,60,59,64,-,a k_h,0,0,0,0,0,50,50,127,0,0
4350,30,60,64,ke,7,0,0,0,0,0,50,50,127,0,0
4380,30,60,64,-,-,0,0,0,0,0,50,50,127,0,0
4410,180,52,64,-,s\,0,0,0,0,0,50,50,127,0,0
4590,420,62,64,xing,iN,0,0,0,0,0,50,50,127,0,0
5010,60,62,64,-,n p,0,0,0,0,0,50,50,127,0,0
5070,91,60,64,bian,iE_r,0,0,0,0,0,50,50,127,0,0
5161,89,60,64,-,@_n,0,0,0,0,0,50,50,127,0,0
5250,30,60,64,-,n,0,0,0,0,0,50,50,127,0,0
5280,30,60,64,-,ts\,0,0,0,0,0,50,50,127,0,0
5310,46,55,64,jiu,iE_r,0,0,0,0,0,50,50,127,0,0
5356,360,55,64,-,@U,0,0,0,0,0,50,50,127,0,0
5717,40,55,64,-,u,0,0,0,0,0,50,50,127,0,0
5758,60,55,64,-,ts`,0,0,0,0,0,50,50,127,0,0
5818,62,60,64,zhou,@U,0,0,0,0,0,50,50,127,0,0
5880,300,60,64,-,@U,0,0,0,0,0,50,50,127,0,0
6180,28,60,64,-,u Asp,0,0,0,0,0,50,50,127,0,0
6240,30,43,64,a,7,0,0,0,0,0,50,50,127,0,0
6270,300,59,64,en,@_n,0,0,0,0,0,50,50,127,0,0
6570,60,59,64,-,-,0,0,0,0,0,50,50,127,0,0
6630,60,59,64,-,n ?,0,0,0,0,0,50,50,127,0,0
6690,60,59,64,-,ts`_h,0,0,0,0,0,50,50,127,0,0
6750,180,60,64,chou,@U,0,0,0,0,0,50,50,127,0,0
6930,60,60,64,-,u p,0,0,0,0,0,50,50,127,0,0
6990,180,59,64,ben,@_n,0,0,0,0,0,50,50,127,0,0
7170,60,59,64,-,n p,0,0,0,0,0,50,50,127,0,0
7230,180,57,64,bo,o,0,0,0,0,0,50,50,127,0,0
7410,270,57,64,-,o,0,0,0,0,0,50,50,127,0,0
7680,30,57,64,-,o,0,0,0,0,0,50,50,127,0,0
7950,167,60,64,dao,t a,0,0,0,0,0,50,50,127,0,0
8117,12,60,64,-,u,0,0,0,0,0,50,50,127,0,0
8130,60,60,64,-,u k,0,0,0,0,0,50,50,127,0,0
8190,150,62,64,guang,uAN,0,0,0,0,0,50,50,127,0,0
8340,30,62,64,-,-,0,0,0,0,0,50,50,127,0,0
8370,60,52,64,-,ts\,0,0,0,0,0,50,50,127,0,0
8430,59,64,64,jian,iE_r,0,0,0,0,0,50,50,127,0,0
8489,330,64,64,-,@_n,0,0,0,0,0,50,50,127,0,0
8820,60,64,64,-,-,0,0,0,0,0,50,50,127,0,0
8880,30,54,64,-,i,0,0,0,0,0,50,50,127,0,0
8910,240,62,64,ying,iN,0,0,0,0,0,50,50,127,0,0
9150,360,57,64,li,l i,0,0,0,0,0,50,50,127,0,0
9510,60,57,64,-,i,0,0,0,0,0,50,50,127,0,0
9570,60,47,64,-,s`,0,0,0,0,0,50,50,127,0,0
9630,420,60,64,shi,i`,0,0,0,0,0,50,50,127,0,0
10050,60,60,64,-,- s`,0,0,0,0,0,50,50,127,0,0
10110,420,59,64,shei,ei,0,0,0,0,0,50,50,127,0,0
10530,60,59,64,-,i t,0,0,0,0,0,50,50,127,0,0
10590,90,59,64,de,7,0,0,0,0,0,50,50,127,0,0
10680,30,59,64,-,-,0,0,0,0,0,50,50,127,0,0
10710,120,52,64,-,m,0,0,0,0,0,50,50,127,0,0
10830,180,60,64,ming,iN,0,0,0,0,0,50,50,127,0,0
11010,60,60,64,-,n m,0,0,0,0,0,50,50,127,0,0
11070,42,60,64,mou,@U,0,0,0,0,0,50,50,127,0,0
11112,153,60,64,-,@U,0,0,0,0,0,50,50,127,0,0
11265,14,60,64,-,u,0,0,0,0,0,50,50,127,0,0
11280,30,60,64,-,ts_h,0,0,0,0,0,50,50,127,0,0
11310,300,62,64,can,a_n,0,0,0,0,0,50,50,127,0,0
11610,60,62,64,-,n ?,0,0,0,0,0,50,50,127,0,0
11670,120,48,64,-,ts_h,0,0,0,0,0,50,50,127,0,0
11790,420,67,64,can,a_n,0,0,0,0,0,50,50,127,0,0
12210,60,67,64,-,z`,0,0,0,0,0,50,50,127,0,0
12270,1290,64,64,ru,u,0,0,0,0,0,50,50,127,0,0
13560,30,64,64,-,u,0,0,0,0,0,50,50,127,0,0
13590,120,44,64,-,s\,0,0,0,0,0,50,50,127,0,0
13710,120,62,64,xing,iN,0,0,0,0,0,50,50,127,0,0
13830,30,62,64,a,-,0,0,0,0,0,50,50,127,0,0
13860,90,69,64,-,x,0,0,0,0,0,50,50,127,0,0
13950,120,64,64,huo,uo,0,0,0,0,0,50,50,127,0,0
14070,1020,64,64,-,o,0,0,0,0,0,50,50,127,0,0
15090,60,64,64,-,o,0,0,0,0,0,50,50,127,0,0
15150,30,41,64,a,x,0,0,0,0,0,50,50,127,0,0
15390,180,52,64,zong,ts UN,0,0,0,0,0,50,50,127,0,0
15570,60,52,64,-,n s`,0,0,0,0,0,50,50,127,0,0
15630,180,57,64,shi,i`,0,0,0,0,0,50,50,127,0,0
15810,30,57,64,-,-,0,0,0,0,0,50,50,127,0,0
15840,30,57,64,-,u,0,0,0,0,0,50,50,127,0,0
15870,90,62,64,wo,uo,0,0,0,0,0,50,50,127,0,0
15960,30,62,64,-,o,0,0,0,0,0,50,50,127,0,0
15990,120,43,64,-,s`,0,0,0,0,0,50,50,127,0,0
16110,60,64,64,shuang,uo,0,0,0,0,0,50,50,127,0,0
16170,360,64,64,-,AN,0,0,0,0,0,50,50,127,0,0
16530,30,64,64,-,n ?,0,0,0,0,0,50,50,127,0,0
16560,30,64,64,-,ts`,0,0,0,0,0,50,50,127,0,0
16590,240,62,64,zhang,AN,0,0,0,0,0,50,50,127,0,0
16830,330,57,64,yi,i,0,0,0,0,0,50,50,127,0,0
17160,30,57,64,-,i,0,0,0,0,0,50,50,127,0,0
17190,120,46,64,-,t_h,0,0,0,0,0,50,50,127,0,0
17310,89,62,64,tian,iE_r,0,0,0,0,0,50,50,127,0,0
17399,271,62,64,-,@_n,0,0,0,0,0,50,50,127,0,0
17670,30,62,64,a,n ?,0,0,0,0,0,50,50,127,0,0
17700,90,47,64,-,ts_h,0,0,0,0,0,50,50,127,0,0
17790,360,64,64,cang,AN,0,0,0,0,0,50,50,127,0,0
18150,60,64,64,-,-,0,0,0,0,0,50,50,127,0,0
18210,60,64,64,-,l,0,0,0,0,0,50,50,127,0,0
18270,180,62,64,long,UN,0,0,0,0,0,50,50,127,0,0
18450,60,62,64,-,n f,0,0,0,0,0,50,50,127,0,0
18510,120,67,64,fu,u,0,0,0,0,0,50,50,127,0,0
18630,30,67,64,a,u,0,0,0,0,0,50,50,127,0,0
18660,90,50,64,-,x,0,0,0,0,0,50,50,127,0,0
18750,420,64,64,huo,uo,0,0,0,0,0,50,50,127,0,0
19170,60,64,64,-,o,0,0,0,0,0,50,50,127,0,0
19230,30,49,64,a,x,0,0,0,0,0,50,50,127,0,0
19380,90,47,64,a,n,0,0,0,0,0,50,50,127,0,0
19470,193,59,64,nai,a,0,0,0,0,0,50,50,127,0,0
19663,16,59,64,-,i,0,0,0,0,0,50,50,127,0,0
19680,30,59,64,-,x,0,0,0,0,0,50,50,127,0,0
19710,90,60,64,he,7,0,0,0,0,0,50,50,127,0,0
19800,30,60,64,-,7,0,0,0,0,0,50,50,127,0,0
19830,120,49,64,xi,s\,0,0,0,0,0,50,50,127,0,0
19950,420,62,64,jiang,iAN,0,0,0,0,0,50,50,127,0,0
20370,60,62,64,-,n p,0,0,0,0,0,50,50,127,0,0
20430,180,60,64,bu,u,0,0,0,0,0,50,50,127,0,0
20610,60,60,64,-,u ts`,0,0,0,0,0,50,50,127,0,0
20670,330,55,64,zhu,u,0,0,0,0,0,50,50,127,0,0
21000,150,55,64,-,-,0,0,0,0,0,50,50,127,0,0
21150,360,60,64,zhe,ts` 7,0,0,0,0,0,50,50,127,0,0
21510,60,60,64,-,7,0,0,0,0,0,50,50,127,0,0
21570,60,48,64,-,z`,0,0,0,0,0,50,50,127,0,0
21630,150,59,64,ren,@_n,0,0,0,0,0,50,50,127,0,0
21780,270,59,64,-,-,0,0,0,0,0,50,50,127,0,0
22050,60,59,64,-,s\,0,0,0,0,0,50,50,127,0,0
22110,180,60,64,xin,i_n,0,0,0,0,0,50,50,127,0,0
22290,30,60,64,a,-,0,0,0,0,0,50,50,127,0,0
22320,30,60,64,-,z`,0,0,0,0,0,50,50,127,0,0
22350,120,59,64,ru,u,0,0,0,0,0,50,50,127,0,0
22470,60,59,64,-,u,0,0,0,0,0,50,50,127,0,0
22530,60,46,64,-,m,0,0,0,0,0,50,50,127,0,0
22590,150,57,64,mo,o,0,0,0,0,0,50,50,127,0,0
22740,300,57,64,-,o,0,0,0,0,0,50,50,127,0,0
23040,30,57,64,-,o Asp,0,0,0,0,0,50,50,127,0,0
23310,90,60,64,suo,s uo,0,0,0,0,0,50,50,127,0,0
23400,90,60,64,-,o,0,0,0,0,0,50,50,127,0,0
23490,30,60,64,-,o,0,0,0,0,0,50,50,127,0,0
23520,30,60,64,-,u,0,0,0,0,0,50,50,127,0,0
23550,52,62,64,wei,uo,0,0,0,0,0,50,50,127,0,0
23602,22,62,64,-,o,0,0,0,0,0,50,50,127,0,0
23625,45,62,64,-,ei -,0,0,0,0,0,50,50,127,0,0
23670,30,62,64,-,i,0,0,0,0,0,50,50,127,0,0
23700,90,47,64,-,t_h,0,0,0,0,0,50,50,127,0,0
23790,89,64,64,tian,iE_r,0,0,0,0,0,50,50,127,0,0
23879,331,64,64,-,@_n,0,0,0,0,0,50,50,127,0,0
24210,60,64,64,-,s\,0,0,0,0,0,50,50,127,0,0
24270,120,62,64,xia,ia,0,0,0,0,0,50,50,127,0,0
24390,120,62,64,-,a,0,0,0,0,0,50,50,127,0,0
24510,390,57,64,di,t i,0,0,0,0,0,50,50,127,0,0
24900,60,57,64,-,-,0,0,0,0,0,50,50,127,0,0
24960,30,45,64,-,i,0,0,0,0,0,50,50,127,0,0
24990,390,60,64,yi,i,0,0,0,0,0,50,50,127,0,0
25380,30,60,64,-,i,0,0,0,0,0,50,50,127,0,0
25410,60,47,64,-,ts,0,0,0,0,0,50,50,127,0,0
25470,450,59,64,zen,@_n,0,0,0,0,0,50,50,127,0,0
25920,30,59,64,-,i,0,0,0,0,0,50,50,127,0,0
25950,69,59,64,you,iE_r,0,0,0,0,0,50,50,127,0,0
26019,148,59,64,-,@U,0,0,0,0,0,50,50,127,0,0
26168,21,59,64,-,u,0,0,0,0,0,50,50,127,0,0
26190,60,60,64,wo,uo,0,0,0,0,0,50,50,127,0,0
26250,180,60,64,-,o,0,0,0,0,0,50,50,127,0,0
26430,240,60,64,tian,t_h iE_n,0,0,0,0,0,50,50,127,0,0
26670,334,62,64,gao,k a AU,0,0,0,0,0,50,50,127,0,0
27004,25,62,64,-,u,0,0,0,0,0,50,50,127,0,0
27030,120,48,64,-,x,0,0,0,0,0,50,50,127,0,0
27150,331,64,64,hai,a,0,0,0,0,0,50,50,127,0,0
27481,28,64,64,-,i,0,0,0,0,0,50,50,127,0,0
27510,120,43,64,-,k_h,0,0,0,0,0,50,50,127,0,0
27630,240,69,64,kuo,uo,0,0,0,0,0,50,50,127,0,0
27870,1140,69,64,-,o,0,0,0,0,0,50,50,127,0,0
29010,60,69,64,-,o,0,0,0,0,0,50,50,127,0,0
29070,60,49,64,a,x,0,0,0,0,0,50,50,127,0,0
